-60.2882717804059070 -0.3409139008693137 9.9970122336972747 -0.1863718067325870 0.9824792812413337 0.0001076371910039 -0.0000040427932425 -0.0001103236018293 0.9999999939064826 0.9824792871286687 0.1863718051615863 0.0000245331695974
-60.0918005513198921 -0.3037349577462286 9.9970170127513587 -0.1862313980039750 0.9825059057375076 0.0001076445537064 -0.0000040867047380 -0.0001103358515743 0.9999999939049393 0.9825059116253174 0.1862313964287988 0.0000245632114289
-59.8952642222960634 -0.2666455753565843 9.9970217879680821 -0.1856867439951586 0.9826089870914348 0.0001076595791472 -0.0000040629861091 -0.0001103328206607 0.9999999939053716 0.9826089929803216 0.1856867424258596 0.0000244796688897
-59.6987553524515988 -0.2296383829650163 9.9970266386324553 -0.1848125869284113 0.9827737766727661 0.0001076855398877 -0.0000040829566763 -0.0001103408776168 0.9999999939044263 0.9827737825633528 0.1848125853619849 0.0000244050057893
-59.5021690732265256 -0.1929130993873615 9.9970313729132911 -0.1835976547933841 0.9830014697597821 0.0001077193085002 -0.0000041122293138 -0.0001103500928922 0.9999999939033084 0.9830014756525879 0.1835976532308820 0.0000243023457208
-59.3055498891509956 -0.1564682630554361 9.9970361013342721 -0.1820220622588481 0.9832944407638532 0.0001077632025737 -0.0000041328440033 -0.0001103590808676 0.9999999939022319 0.9832944466596462 0.1820220607033866 0.0000241515900217
-59.1088585393106598 -0.1203706375872674 9.9970408012791321 -0.1801155253829702 0.9836454574137988 0.0001078152942333 -0.0000041726286764 -0.0001103719312316 0.9999999939006453 0.9836454633130559 0.1801155238343360 0.0000239840856246
-58.9120939159907024 -0.0847202135600788 9.9970454404012870 -0.1778724832926828 0.9840535392187834 0.0001078761679946 -0.0000042199041117 -0.0001103870550035 0.9999999938987930 0.9840535451220784 0.1778724817520248 0.0000237874311732
-58.7152397839952656 -0.0495576716438552 9.9970500388086805 -0.1752964116247049 0.9845156963798206 0.0001079452467289 -0.0000042755040700 -0.0001104042596688 0.9999999938965457 0.9845157022876861 0.1752964100930848 0.0000235627714153
-58.5182902142784087 -0.0149564703466429 9.9970545835634752 -0.1723988842003074 0.9850272143736107 0.0001080222831634 -0.0000043442765078 -0.0001104245947108 0.9999999938939451 0.9850272202865711 0.1723988826781646 0.0000233163075035
-58.3212315853706755 0.0190161107826132 9.9970590677644395 -0.1691829022283674 0.9855846660259010 0.0001081069093023 -0.0000044242633774 -0.0001104475567781 0.9999999938910357 0.9855846719444534 0.1691829007163724 0.0000230463243433
-58.1240582627174334 0.0523028001859289 9.9970634916684578 -0.1656561394105633 0.9861835690009676 0.0001081988371962 -0.0000045167299337 -0.0001104734088086 0.9999999938877659 0.9861835749256188 0.1656561379091934 0.0000227549232569
-57.9267607345048390 0.0848398431992692 9.9970678490715645 -0.1618271529556470 0.9868191125209826 0.0001082976485223 -0.0000046229670810 -0.0001105022876807 0.9999999938841069 0.9868191184521863 0.1618271514651450 0.0000224443028825
-57.7293329697209927 0.1165676948875584 9.9970721362406749 -0.1577032067370245 0.9874865502032849 0.0001084030221008 -0.0000047431364970 -0.0001105341933514 0.9999999938800088 0.9874865561415356 0.1577032052575838 0.0000221153802420
-57.5317689044339815 0.1474297818373939 9.9970763504726641 -0.1532933627088398 0.9881807188833066 0.0001085145741641 -0.0000048781623287 -0.0001105692120059 0.9999999938755079 0.9881807248289882 0.1532933612405059 0.0000217700322774
-57.3340639334556386 0.1773693639049561 9.9970804879772484 -0.1486069300411731 0.9888963386227365 0.0001086319462942 -0.0000050288369970 -0.0001106074129151 0.9999999938705841 0.9888963445763188 0.1486069285838572 0.0000214100265672
-57.1362142734740388 0.2063327622423674 9.9970845459331166 -0.1436534554919726 0.9896280477513627 0.0001087547834564 -0.0000051957966263 -0.0001106488212178 0.9999999938651641 0.9896280537131602 0.1436534540454854 0.0000210369915859
-56.9382174661357325 0.2342682156547666 9.9970885218045584 -0.1384432930572080 0.9903703563569524 0.0001088827413770 -0.0000053798713972 -0.0001106934866510 0.9999999938592663 0.9903703623274077 0.1384432916211707 0.0000206528359651
-56.7400719616229736 0.2611257977392997 9.9970924131220400 -0.1329871469144425 0.9911177563083408 0.0001090154904746 -0.0000055818582111 -0.0001107414376383 0.9999999938528802 0.9911177622878190 0.1329871454883728 0.0000202594666231
-56.5417774472635912 0.2868580834444523 9.9970962179330805 -0.1272961764256307 0.9918647445854475 0.0001091527238974 -0.0000058025666468 -0.0001107926946422 0.9999999938459886 0.9918647505742668 0.1272961750088323 0.0000198588476889
-56.3433346415545984 0.3114198888253512 9.9970999345943348 -0.1213820536448022 0.9926058558693476 0.0001092941566754 -0.0000060428837975 -0.0001108472743703 0.9999999938385454 0.9926058618678789 0.1213820522364141 0.0000194530716480
-56.1447453779144183 0.3347684012571232 9.9971035617977204 -0.1152568449083479 0.9933357175310674 0.0001094395335933 -0.0000063037181084 -0.0001109051830453 0.9999999938305616 0.9933357235396806 0.1152568435073546 0.0000190442898323
-55.9460125396843750 0.3568633650149693 9.9971070986790203 -0.1089330391848316 0.9940490837791902 0.0001095886313765 -0.0000065860265721 -0.0001109664184493 0.9999999938219988 0.9940490897982375 0.1089330377900198 0.0000186347428891
-55.7471400496823719 0.3776670637806235 9.9971105447726423 -0.1024235273144985 0.9947408753072601 0.0001097412627515 -0.0000068908244182 -0.0001110309703331 0.9999999938128057 0.9947408813369741 0.1024235259244879 0.0000182267683362
-55.5481328173097921 0.3971444315271942 9.9971139000551528 -0.0957415604383471 0.9954062193521761 0.0001098972799884 -0.0000072191738768 -0.0001110988178788 0.9999999938030149 0.9954062253928483 0.0957415590515838 0.0000178227847622
-55.3489967044610083 0.4152631287383511 9.9971171649814572 -0.0889007386780724 0.9960404843918819 0.0001100565779867 -0.0000075721949462 -0.0001111699301014 0.9999999937925462 0.9960404904436913 0.0889007372927738 0.0000174253016273
-55.1497384639056989 0.4319935886926475 9.9971203404925664 -0.0819149811383266 0.9966393147545571 0.0001102190969658 -0.0000079510656830 -0.0001112442646345 0.9999999937814059 0.9966393208177314 0.0819149797525064 0.0000170369164935
-54.9503656852231828 0.4473090867663388 9.9971234280491021 -0.0747984955412811 0.9971986626934186 0.0001103848249621 -0.0000083570203559 -0.0001113217666423 0.9999999937695483 0.9971986687682097 0.0747984941527091 0.0000166603101893
-54.7508867264615020 0.4611857920457078 9.9971264296556885 -0.0675657516978547 0.9977148174568881 0.0001105537996527 -0.0000087913518692 -0.0001114023680061 0.9999999937569788 0.9977148235435018 0.0675657503040919 0.0000162982467609
-54.5513106445232125 0.4736028110811756 9.9971293478819661 -0.0602314492433397 0.9981844319861009 0.0001107261097884 -0.0000092554098736 -0.0001114859862362 0.9999999937435841 0.9981844380847467 0.0602314478416554 0.0000159535685689
-54.3516471184528811 0.4845422310772767 9.9971321858888889 -0.0528104854923395 0.9986045465150554 0.0001109018960412 -0.0000097505988841 -0.0001115725234734 0.9999999937292542 0.9986045526259105 0.0528104840797746 0.0000156291915094
-54.1519063696662712 0.4939891527473723 9.9971349474506734 -0.0453179227976670 0.9989726089998433 0.0001110813512392 -0.0000102783762744 -0.0001116618655994 0.9999999937140364 0.9989726151230770 0.0453179213709502 0.0000153281001679
-53.9520990776518019 0.5019317171778339 9.9971376369761877 -0.0377689540639412 0.9992864923168238 0.0001112647199669 -0.0000108402485491 -0.0001117538813683 0.9999999936978827 0.9992864984525918 0.0377689526196177 0.0000150533411606
-53.7522362932789122 0.5083611265190197 9.9971402595300045 -0.0301788679935583 0.9995445080149321 0.0001114522974826 -0.0000114377672126 -0.0001118484217046 0.9999999936807099 0.9995445141633623 0.0301788665279129 0.0000148080161555
-53.5523293494095896 0.5132716568082873 9.9971428208509288 -0.0225630137415631 0.9997454165657989 0.0001116444279140 -0.0000120725238401 -0.0001119453191512 0.9999999936625124 0.9997454227269394 0.0225630122505598 0.0000145952741500
-53.3523897701633132 0.5166606639904047 9.9971453273691324 -0.0149367650470364 0.9998884340461698 0.0001118415017174 -0.0000127461441249 -0.0001120443875048 0.9999999936431857 0.9998884402200938 0.0149367635263725 0.0000144183027807
-53.1524291791737795 0.5185285828058798 9.9971477862214879 -0.0073154843098563 0.9999732352085611 0.0001120439523731 -0.0000134602813361 -0.0001121454216840 0.9999999936227696 0.9999732413952046 0.0073154827548996 0.0000142803191480
-52.9524592077808478 0.5188789183318195 9.9971502052643277 0.0002855133441064 0.9999999529397801 0.0001122522523092 -0.0000142166089569 -0.0001122481978415 0.9999999936007613 0.9999999591391805 -0.0002855149382558 0.0000141845599299
-52.7524914037508736 0.5177182304639690 9.9971525930841398 0.0078509957910301 0.9999691741320026 0.0001124669080505 -0.0000150168125995 -0.0001123524737578 0.9999999935773239 0.9999691803440121 -0.0078509974296197 0.0000141342708952
-52.5525371413118805 0.5150561112943708 9.9971549590055186 0.0153658491924118 0.9998819320189342 0.0001126884546007 -0.0000158625813334 -0.0001124579895290 0.9999999935523773 0.9998819382433711 -0.0153658508809793 0.0000141326959635
-52.3526075331559753 0.5109051554912460 9.9971573130963449 0.0228151126798400 0.9997396950612122 0.0001129174490714 -0.0000167555983523 -0.0001125644685629 0.9999999935258007 0.9997397012977631 -0.0228151144242386 0.0000141830657536
-52.1527133451130922 0.5052809238726189 9.9971596661701696 0.0301840122457548 0.9995443524921386 0.0001131544635892 -0.0000176975310855 -0.0001126716189004 0.9999999934974765 0.9995443587404937 -0.0301840140521403 0.0000142885857254
-51.9528649141294139 0.4982019003255152 9.9971620297855761 0.0374579936641188 0.9992981966606282 0.0001134000775142 -0.0000186900209352 -0.0001127791348607 0.9999999934672519 0.9992982029202921 -0.0374579955389628 0.0000144524240975
-51.7530720701823981 0.4896894422939825 9.9971644162420983 0.0446227542887862 0.9990039023349156 0.0001136548690198 -0.0000197346725185 -0.0001128866990078 0.9999999934350399 0.9990039086053005 -0.0446227562388625 0.0000146776994254
-51.5533440627095558 0.4797677250871804 9.9971668385732588 0.0516642735805677 0.9986645031520636 0.0001139194060912 -0.0000208330425938 -0.0001129939844373 0.9999999934006337 0.9986645094323872 -0.0516642756129425 0.0000149674680064
-51.3536894920995621 0.4684636802740053 9.9971693105359769 0.0585688422349319 0.9982833654213819 0.0001141942370108 -0.0000219866288239 -0.0001131006573570 0.9999999933638447 0.9982833717107935 -0.0585688443570005 0.0000153247112594
-51.1541162467441595 0.4558069284634926 9.9971718465966664 0.0653230898008391 0.9978641595084073 0.0001144798804081 -0.0000231968582755 -0.0001132063799577 0.9999999933245242 0.9978641658057856 -0.0653230920203130 0.0000157523229627
-50.9546314461046066 0.4418297067874428 9.9971744619138914 0.0719140106977837 0.9974108290418032 0.0001147768149621 -0.0000244650759497 -0.0001133108135249 0.9999999932824534 0.9974108353458628 -0.0719140130226521 0.0000162530966299
-50.7552413901938309 0.4265667914162805 9.9971771723174623 0.0783289885591311 0.9969275582031150 0.0001150854688508 -0.0000257925332269 -0.0001134136217842 0.9999999932374347 0.9969275645123600 -0.0783289909976940 0.0000168297128868
-50.5559515158243613 0.4100554154530823 9.9971799942842683 0.0845558188499580 0.9964187373681008 0.0001154062090515 -0.0000271803765271 -0.0001135144744168 0.9999999931892044 0.9964187436807500 -0.0845558214107493 0.0000174847271251
-50.3567663599142108 0.3923351825575883 9.9971829449102714 0.0905827297268974 0.9958889273798756 0.0001157393306014 -0.0000286296360954 -0.0001136130507203 0.9999999931375584 0.9958889336939415 -0.0905827324187624 0.0000182205573156
-50.1576895300873176 0.3734479766559677 9.9971860418795870 0.0963984011286707 0.9953428227411725 0.0001160850459347 -0.0000301412150438 -0.0001137090433639 0.9999999930821998 0.9953428290543380 -0.0963984039606746 0.0000190394720888
-49.9587236827479160 0.3534378680922973 9.9971893034298507 0.1019919821041838 0.9947852140164506 0.0001164434744149 -0.0000317158789139 -0.0001138021621679 0.9999999930228912 0.9947852203260307 -0.1019919850856212 0.0000199435793063
-49.7598705087468787 0.3323510165737005 9.9971927483143386 0.1073531064046222 0.9942209497380007 0.0001168146321851 -0.0000333542455182 -0.0001138921378835 0.9999999929593415 0.9942209560410932 -0.1073531095450426 0.0000209348148604
-49.5611307267016059 0.3102355712536921 9.9971963957612004 0.1124719063830269 0.9936548981097174 0.0001171984224630 -0.0000350567754170 -0.0001139787258962 0.9999999928912340 0.9936549044029981 -0.1124719096920857 0.0000220149320168
-49.3625040839724107 0.2871415682874241 9.9972002654293703 0.1173390252602889 0.9930919087983432 0.0001175946264018 -0.0000368237630454 -0.0001140617097889 0.9999999928182579 0.9930919150780306 -0.1173390287478565 0.0000231854912862
-49.1639893652385140 0.2631208261789303 9.9972043773616210 0.1219456278325287 0.9925367751001508 0.0001180028946429 -0.0000386553284922 -0.0001141409047265 0.9999999927400979 0.9925367813621880 -0.1219456315086086 0.0000244478507943
-48.9655844085634442 0.2382268392238786 9.9972087519348989 0.1262834097052216 0.9919941967610743 0.0001184227396815 -0.0000405514100110 -0.0001142161605954 0.9999999926564139 0.9919942030008650 -0.1262834135800149 0.0000258031571983
-48.7672861287817767 0.2125146693324691 9.9972134098081913 0.1303446051523309 0.9914687437231166 0.0001188535291599 -0.0000425117574949 -0.0001142873648298 0.9999999925668579 0.9914687499356510 -0.1303446092360714 0.0000272523373547
-48.5690905479885018 0.1860408364969172 9.9972183718675822 0.1341219937047978 0.9909648210566673 0.0001192944802005 -0.0000445359267371 -0.0001143544448890 0.9999999924710722 0.9909648272364341 -0.1341219980078219 0.0000287960905323
-48.3709928328598906 0.1588632081456004 9.9972236591696433 0.1376089055811271 0.9904866353284901 0.0001197446548834 -0.0000466232746904 -0.0001144173703339 0.9999999923687551 0.9904866414694828 -0.1376089101138166 0.0000304348813652
-48.1729873384876228 0.1310408876030145 9.9972292928822757 0.1407992260752482 0.9900381626413275 0.0001202029569612 -0.0000487729557982 -0.0001144761544322 0.9999999922595019 0.9900381687370420 -0.1407992308479646 0.0000321689335970
-47.9750676583625406 0.1026341018513441 9.9972352942241400 0.1436873990190746 0.9896231185661745 0.0001206681298983 -0.0000509839192334 -0.0001145308553094 0.9999999921429472 0.9896231246096636 -0.1436874040421388 0.0000339982244419
-47.7772266801011725 0.0737040887659137 9.9972416844024892 0.1462684294363897 0.9892449301735216 0.0001211387563098 -0.0000532549074401 -0.0001145815765280 0.9999999920186955 0.9892449361571677 -0.1462684347200859 0.0000359224799512
-47.5794566464705255 0.0443129839732136 9.9972484845493508 0.1485378855020202 0.9889067103519946 0.0001216132588584 -0.0000555844556449 -0.0001146284671512 0.9999999918864891 0.9889067162677265 -0.1485378910565330 0.0000379411710497
-47.3817492212306135 0.0145237074587417 9.9972557156572055 0.1504918999148644 0.9886112345874369 0.0001220899026619 -0.0000579708925595 -0.0001146717212247 0.9999999917459835 0.9886112404266193 -0.1504919057502303 0.0000400535104699
-47.1840955592805784 -0.0156001499701815 9.9972633985134642 0.1521271707864095 0.9883609203546448 0.0001225667992436 -0.0000604123423765 -0.0001147115766635 0.9999999915968664 0.9883609261081383 -0.1521271769124622 0.0000422584506978
-46.9864863805706463 -0.0459944402798313 9.9972715536345014 0.1534409621376982 0.9881578092578474 0.0001230419120437 -0.0000629067277908 -0.0001147483135697 0.9999999914387959 0.9881578149159259 -0.1534409685640691 0.0000445546826839
-46.7889120472096565 -0.0765945717953548 9.9972802011997306 0.1544311040869693 0.9880035520347782 0.0001235130634993 -0.0000654517743480 -0.0001147822519574 0.9999999912714752 0.9880035575871765 -0.1544311108230092 0.0000469406356438
-46.5913626431886954 -0.1073356227216411 9.9972893609853699 0.1550959927979745 0.9878993965206129 0.0001239779436746 -0.0000680450159820 -0.0001148137489108 0.9999999910947041 0.9878994019566518 -0.1550959998527159 0.0000494144778507
-46.3938280561113530 -0.1381524545592573 9.9972990522988567 0.1554345902459844 0.9878461786479650 0.0001244341204179 -0.0000706838016679 -0.0001148431952152 0.9999999909082301 0.9878461839564013 -0.1554345976281107 0.0000519741183794
-46.1962980603230093 -0.1689798253833069 9.9973092939139026 0.1554464238442020 0.9878443165385525 0.0001248790509953 -0.0000733653033770 -0.0001148710114450 0.9999999907118832 0.9878443217075971 -0.1554464315620175 0.0000546172100398
-45.9987624008087295 -0.1997525029614199 9.9973201040064055 0.1551315859580907 0.9878938077211443 0.0001253100951406 -0.0000760865251024 -0.0001148976436080 0.9999999905054411 0.9878938127387025 -0.1551315940194372 0.0000573411533243
-45.8012108772391642 -0.2304053776894707 9.9973315000919243 0.1544907333197963 0.9879942294922143 0.0001257245294434 -0.0000788443130708 -0.0001149235583458 0.9999999902887999 0.9879942343456902 -0.1544907417320556 0.0000601431015380
-45.6036334275302906 -0.2608735753254378 9.9973434989645380 0.1535250863396930 0.9881447424119681 0.0001261195629775 -0.0000816353670346 -0.0001149492377751 0.9999999900618793 0.9881447470884160 -0.1535250951096783 0.0000630199670764
-45.4060202102980668 -0.2910925694984753 9.9973561166379366 0.1522364282956100 0.9883440969103912 0.0001264923540639 -0.0000844562526135 -0.0001149751740173 0.9999999898246275 0.9883441013965345 -0.1522364374295322 0.0000659684288829
-45.2083616855895656 -0.3209982939655707 9.9973693682886289 0.1506271043662777 0.9885906429558874 0.0001268400280392 -0.0000873034146533 -0.0001150018634872 0.9999999895770217 0.9885906472381023 -0.1506271138697629 0.0000689849411308
-45.0106486932867327 -0.3505272545790360 9.9973832682019808 0.1487000204607247 0.9888823427200347 0.0001271596958957 -0.0000901731915226 -0.0001150298010175 0.9999999893191669 0.9888823467845443 -0.1487000303387786 0.0000720657431186
-44.8128725285971754 -0.3796166409174691 9.9973978297210078 0.1464586417816643 0.9892167861507726 0.0001274484736391 -0.0000930618303192 -0.0001150594738853 0.9999999890510742 0.9892167899835524 -0.1464586520385654 0.0000752068704326
-44.6150250140616720 -0.4082044375188272 9.9974130651986481 0.1439069910488701 0.9895912093471770 0.0001277035022043 -0.0000959655027847 -0.0001150913558495 0.9999999887729550 0.9895912129340324 -0.1439070016882284 0.0000784041672405
-44.4170985675369394 -0.4362295346381510 9.9974289859536949 0.1410496462981386 0.9900025156096663 0.0001279219677591 -0.0000988803220853 -0.0001151259012301 0.9999999884850096 0.9900025189362693 -0.1410496573227445 0.0000816532999605
-44.2190862656371451 -0.4636318384347385 9.9974456022303748 0.1378917381610973 0.9904472990196931 0.0001281011222158 -0.0001018023601104 -0.0001151635391719 0.9999999881875005 0.9904473020718993 -0.1378917495730117 0.0000849497720162
-44.0209819021490176 -0.4903523804737762 9.9974629231625745 0.1344389465251686 0.9909218703866537 0.0001282383037678 -0.0001047276653397 -0.0001152046681222 0.9999999878806711 0.9909218731502827 -0.1344389583257182 0.0000882889398024
-43.8227800409729014 -0.5163334264067453 9.9974809567422387 0.1306974964666701 0.9914222853794411 0.0001283309572632 -0.0001076522811839 -0.0001152496506407 0.9999999875649197 0.9914222878403890 -0.1306975086563331 0.0000916660298304
-43.6244760631778021 -0.5415185836730280 9.9974997097928036 0.1266741533466758 0.9919443746459953 0.0001283766542257 -0.0001105722645824 -0.0001152988085936 0.9999999872406627 0.9919443767903368 -0.1266741659250993 0.0000950761568841
-43.4260662078005240 -0.5658529080434509 9.9975191879475407 0.1223762169587576 0.9924837757070134 0.0001283731123338 -0.0001134837048855 -0.0001153524188153 0.9999999869083224 0.9924837775210958 -0.1223762299247453 0.0000985143432746
-43.2275476060666080 -0.5892830088039241 9.9975393956331899 0.1178115146184509 0.9930359663961293 0.0001283182141724 -0.0001163827427471 -0.0001154107093083 0.9999999865683808 0.9930359678665298 -0.1178115279699107 0.0001019755389492
-43.0289183087522957 -0.6117571523565429 9.9975603360591681 0.1129883930874020 0.9935962996047332 0.0001282100250764 -0.0001192655890308 -0.0001154738560319 0.9999999862214510 0.9935963007185125 -0.1129884068215016 0.0001054546424946
-42.8301773064638809 -0.6332253639941109 9.9975820112123248 0.1079157092319474 0.9941600390799336 0.0001280468098906 -0.0001221285435495 -0.0001155419803360 0.9999999858680523 0.9941600398244257 -0.1079157233449631 0.0001089465228740
-42.6313245426538785 -0.6536395275858038 9.9976044218574458 0.1026028193217055 0.9947223960110448 0.0001278270484854 -0.0001249680134910 -0.0001156151470853 0.9999999855088021 0.9947223963741667 -0.1026028338091109 0.0001124460417576
-42.4323609192582580 -0.6729534828932917 9.9976275675437840 0.0970595668855991 0.9952785661338756 0.0001275494498720 -0.0001277805313725 -0.0001156933635102 0.9999999851443601 0.9952785661040648 -0.0970595817420346 0.0001159480762905
-42.2332882948802180 -0.6911231202225452 9.9976514466174997 0.0912962690533040 0.9958237670753929 0.0001272129647839 -0.0001305627725546 -0.0001157765787963 0.9999999847753154 0.9958237666416837 -0.0912962842726075 0.0001194475423177
-42.0341094755181217 -0.7081064721028548 9.9976760562398148 0.0853237013240554 0.9963532756549035 0.0001268167965953 -0.0001333115718935 -0.0001158646844392 0.9999999844024732 0.9963532748069335 -0.0853237168993449 0.0001229394176098
-41.8348281978753462 -0.7238638016760603 9.9977013924116971 0.0791530807202743 0.9968624648585581 0.0001263604104806 -0.0001360239396578 -0.0001159575153657 0.9999999840264407 0.9968624635866274 -0.0791530966439131 0.0001264187651934
-41.6354491053625964 -0.7383576874714338 9.9977274500037385 0.0727960472990299 0.9973468402012433 0.0001258435407191 -0.0001386970765107 -0.0001160548517864 0.9999999836479854 0.9973468384964165 -0.0727960635627412 0.0001298807565234
-41.4359777169459562 -0.7515531042394747 9.9977542227923699 0.0662646440130875 0.9978020751935177 0.0001252661960889 -0.0001413283872598 -0.0001161564218029 0.9999999832678232 0.9978020730475889 -0.0662646606079434 0.0001333206941514
-41.2364203890608252 -0.7634174995177964 9.9977817035014223 0.0595712949306571 0.9982240456361867 0.0001246286632983 -0.0001439154935860 -0.0001162619046889 0.9999999828865865 0.9982240430417225 -0.0595713118471107 0.0001367340340241
-41.0367842708593216 -0.7739208656069971 9.9978098838491061 0.0527287818423314 0.9986088624704501 0.0001239315084379 -0.0001464562452890 -0.0001163709348371 0.9999999825050838 0.9986088594208644 -0.0527287990702984 0.0001401164068742
-40.8370772531148063 -0.7830358066422463 9.9978387546003056 0.0457502193028144 0.9989529029236850 0.0001231755764511 -0.0001489487302018 -0.0001164831062975 0.9999999821238307 0.9989528994131763 -0.0457502368317573 0.0001434636387640
-40.6373079111585369 -0.7907376004582830 9.9978683056235020 0.0386490281738237 0.9992528396991652 0.0001223619886465 -0.0001513912825488 -0.0001165979778483 0.9999999817437087 0.9992528357227675 -0.0386490459927404 0.0001467717704620
-40.4374854422679917 -0.7970042549612155 9.9978985259524205 0.0314389077529098 0.9995056679764386 0.0001214921382989 -0.0001537824896711 -0.0001167150785290 0.9999999813651733 0.9995056635299092 -0.0314389258503898 0.0001500370754750
-40.2376195979763693 -0.8018165587395703 9.9979294038516464 0.0241338065910244 0.9997087300012931 0.0001205676844029 -0.0001561211971097 -0.0001168339135487 0.9999999809889727 0.9997087250814001 -0.0241338249553504 0.0001532560766163
-40.0377206118097178 -0.8051581256698418 9.9979609268860408 0.0167478921183177 0.9998597370659518 0.0001195905436699 -0.0001584065119118 -0.0001169539704863 0.9999999806155253 0.9998597316700453 -0.0167479107375435 0.0001564255608693
-39.8377991229977582 -0.8070154332975341 9.9979930819932097 0.0092955192129483 0.9999567886979579 0.0001185628808729 -0.0001606378041703 -0.0001170747256869 0.9999999802454773 0.9999567828243288 -0.0092955380749446 0.0001595425924401
-39.6378660967380441 -0.8073778548034640 9.9980258555588115 0.0017911978614188 0.9999983889010584 0.0001174870976634 -0.0001628147066694 -0.0001171956507587 0.9999999798792796 0.9999983825486692 -0.0017912169539459 0.0001626045237600
-39.4379327416200454 -0.8062376843962653 9.9980592334940361 -0.0057504399288337 0.9999834593117087 0.0001163658200039 -0.0001649371127693 -0.0001173162190702 0.9999999795173666 0.9999834524804960 0.0057504206180589 0.0001656090044666
-39.2380104248401267 -0.8035901560054496 9.9980932013145107 -0.0133146737940831 0.9999113491643563 0.0001152018843652 -0.0001670051723677 -0.0001174359121479 0.9999999791600949 0.9999113418546055 0.0133146542773475 0.0001685539880818
-39.0381105858583481 -0.7994334551844999 9.9981277442204224 -0.0208867290780600 0.9997818419786637 0.0001139983228574 -0.0001690192860462 -0.0001175542258752 0.9999999788077347 0.9997818341914808 0.0208867093675073 0.0001714377364011
-38.8382446491566213 -0.7937687241697549 9.9981628471768271 -0.0284518111106633 0.9995951589155658 0.0001127583474662 -0.0001709800973861 -0.0001176706763963 0.9999999784606521 0.9995951506528401 0.0284517912183636 0.0001742588214765
-38.6384239367733642 -0.7866000600780488 9.9981984949939662 -0.0359951395157331 0.9993519587710720 0.0001114853335751 -0.0001728884834965 -0.0001177848056298 0.9999999781191035 0.9993519500351933 0.0359951194535462 0.0001770161251430
-38.4386595812813567 -0.7779345062633934 9.9982346724064985 -0.0435019823600503 0.9990533346062314 0.0001101828029549 -0.0001747455438627 -0.0001178961863131 0.9999999777831360 0.9990533254002715 0.0435019621395753 0.0001797088361213
-38.2389624398841477 -0.7677820368902607 9.9982713641514334 -0.0509576899588003 0.9987008070398797 0.0001088544064051 -0.0001765525874479 -0.0001180044264830 0.9999999774530148 0.9987007973671731 0.0509576695912924 0.0001823364445478
-38.0393430102856911 -0.7561555348173695 9.9983085550439235 -0.0583477281567754 0.9982963142570267 0.0001075039062248 -0.0001783111183476 -0.0001181091733414 0.9999999771286048 0.9982963041215533 0.0583477076531046 0.0001848987341768
-37.8398113489850871 -0.7430707629213905 9.9983462300502346 -0.0656577109114950 0.9978421988122573 0.0001061351586906 -0.0001800228198273 -0.0001182101164205 0.9999999768099935 0.9978421882182874 0.0656576902821040 0.0001873957720238
-37.6403769926186982 -0.7285463290233557 9.9983843743577410 -0.0728734320136645 0.9973411913336651 0.0001047520967048 -0.0001816895371161 -0.0001183069900237 0.9999999764971196 0.9973411802859320 0.0728734112685326 0.0001898278957948
-37.4410488829559185 -0.7126036446121654 9.9984229734405350 -0.0799808957914554 0.9967963912567823 0.0001033587127727 -0.0001833132588871 -0.0001183995748809 0.9999999761898332 0.9967963797603375 0.0799808749400539 0.0001921956989887
-37.2418352961207830 -0.6952668775887731 9.9984620131212179 -0.0869663466585078 0.9962112447420005 0.0001019590424489 -0.0001848960975495 -0.0001184876989978 0.9999999758880279 0.9962112328020410 0.0869663257097442 0.0001945000137938
-37.0427437765793854 -0.6765628992805199 9.9985014796273983 -0.0938162973801069 0.9955895199485162 0.0001005571483817 -0.0001864402687428 -0.0001185712377014 0.9999999755914034 0.9955895075705682 0.0938162763422852 0.0001967418921537
-36.8437810763979527 -0.6565212259983393 9.9985413596427701 -0.1005175559487083 0.9949352798605131 0.0000991571050676 -0.0001879480697796 -0.0001186501128541 0.9999999752998668 0.9949352670502315 0.1005175348295035 0.0001989225847628
-36.6449531002303601 -0.6351739554290720 9.9985816403527092 -0.1070572509772616 0.9942528528763210 0.0000977629844039 -0.0001894218574863 -0.0001187242912679 0.9999999750129781 0.9942528396395169 0.1070572297837569 0.0002010435184507
-36.4462648564552367 -0.6125556981710053 9.9986223094833377 -0.1134228555375478 0.9935468013887740 0.0000963788421172 -0.0001908640255547 -0.0001187937823510 0.9999999747305224 0.9935467877313603 0.1134228342761404 0.0002031062721044
-36.2477204148299492 -0.5887035047329591 9.9986633553341289 -0.1196022093892921 0.9928218885981425 0.0000950087051178 -0.0001922769813990 -0.0001188586350035 0.9999999744521786 0.9928218745260432 0.1196021880657093 0.0002051125511578
-36.0493228709830404 -0.5636567883257263 9.9987047668038169 -0.1255835395658073 0.9920830438100998 0.0000936565598110 -0.0001936631228347 -0.0001189189338307 0.9999999741775322 0.9920830293293634 0.1255835181850693 0.0002070641610078
-35.8510743180123939 -0.5374572437787971 9.9987465334091308 -0.1313554793007847 0.9913353264815851 0.0000923263413804 -0.0001950248147451 -0.0001189747947407 0.9999999739063381 0.9913353115982235 0.1313554578672642 0.0002089629795861
-35.6529758254040203 -0.5101487629162569 9.9987886452962069 -0.1369070853004387 0.9905838892826307 0.0000910219240289 -0.0001963643657299 -0.0001190263599818 0.9999999736380015 0.9905838740026481 0.1369070638177887 0.0002108109291408
-35.4550274254322062 -0.4817773467222018 9.9988310932449149 -0.1422278533829378 0.9898339404486484 0.0000897471121537 -0.0001976840050854 -0.0001190737927226 0.9999999733722779 0.9898339247780678 0.1422278318541371 0.0002126099476508
-35.2572281071451243 -0.4523910146196874 9.9988738686654379 -0.1473077325255007 0.9890907056997034 0.0000885056324046 -0.0001989858601440 -0.0001191172712554 0.9999999731088776 0.9890906896444224 0.1473077109528269 0.0002143619599679
-35.0595758179866763 -0.4220397111767992 9.9989169635877442 -0.1521371373750279 0.9883593900026223 0.0000873011265634 -0.0002002719341740 -0.0001191569829213 0.9999999728472792 0.9883593735685932 0.1521371157601252 0.0002160688489750
-34.8620674730484339 -0.3907752105403644 9.9989603706433634 -0.1567069592941424 0.9876451394531875 0.0000861371451643 -0.0002015440849823 -0.0001191931178740 0.9999999725872092 0.9876451226463676 0.1567069376379912 0.0002177324269895
-34.6646989718913261 -0.3586510188816830 9.9990040830402016 -0.1610085760268498 0.9869530035490495 0.0000850171417610 -0.0002028040043048 -0.0001192258627620 0.9999999723285653 0.9869529863751402 0.1610085543297890 0.0002193544075694
-34.4674652228242522 -0.3257222751204528 9.9990480945300284 -0.1650338600804055 0.9862878981195818 0.0000839444677387 -0.0002040531982416 -0.0001192553944807 0.9999999720707926 0.9862878805844667 0.1650338383421173 0.0002209363780852
-34.2703601744714419 -0.2920456501719431 9.9990923993691609 -0.1687751859290053 0.9856545691749663 0.0000829223675564 -0.0002052929686802 -0.0001192818740505 0.9999999718138216 0.9856545512845761 0.1687751641486305 0.0002224797730700
-34.0733768544134392 -0.2576792449410742 9.9991369922726143 -0.1722254361530406 0.9850575579237381 0.0000819539742994 -0.0002065243960319 -0.0001193054407893 0.9999999715574343 0.9850575396838976 0.1722254143291340 0.0002239858487823
-33.8765074146332950 -0.2226824872627556 9.9991818683616867 -0.1753780066318771 0.9845011672007280 0.0000810423054232 -0.0002077483232165 -0.0001193262068324 0.9999999713012661 0.9845011486174051 0.1753779847624987 0.0002254556589841
-33.6797431834572549 -0.1871160279643060 9.9992270231059468 -0.1782268109122533 0.9839894295364129 0.0000801902585604 -0.0002089653410629 -0.0001193442521253 0.9999999710454684 0.9839894106158251 0.1782267889949418 0.0002268900322024
-33.4830747236301107 -0.1510416362008823 9.9992724522594774 -0.1807662838741204 0.9835260770857905 0.0000794006072731 -0.0002101757753122 -0.0001193596199960 0.9999999707899681 0.9835260578343049 0.1807662619060055 0.0002282895507428
-33.2864918961277994 -0.1145220941907264 9.9993181517920462 -0.1829913848148795 0.9831145136207997 0.0000786759966332 -0.0002113796751223 -0.0001193723133587 0.9999999705347186 0.9831144940446873 0.1829913627926554 0.0002296545314275
-33.0899839292680795 -0.0776210914528902 9.9993641178158210 -0.1848976000686147 0.9827577887764090 0.0000780189385203 -0.0002125768033111 -0.0001193822916532 0.9999999702797476 0.9827577688823188 0.1848975779885368 0.0002309850083846
-32.8935394926445639 -0.0404031186278787 9.9994103465079114 -0.1864809452708748 0.9824585747267610 0.0000774318065397 -0.0002137666283481 -0.0001193894685818 0.9999999700252640 0.9824585545218625 0.1864809231289020 0.0002322807179677
-32.6971467753783216 -0.0029333609398914 9.9994568340294681 -0.1877379673722683 0.9822191454506063 0.0000769168304737 -0.0002149483181141 -0.0001193937106850 0.9999999697714620 0.9822191249424395 0.1877379451641077 0.0002335410858951
-32.5007935681485876 0.0347224086597901 9.9995035764419136 -0.1886657464931901 0.9820413587273044 0.0000764760901929 -0.0002161207355954 -0.0001193948368198 0.9999999695187470 0.9820413379234760 0.1886657242142784 0.0002347652168495
-32.3044673484402054 0.0724979366460594 9.9995505696207427 -0.1892618977006494 0.9819266409897652 0.0000761115089746 -0.0002172824363985 -0.0001193926185435 0.9999999692672802 0.9819266198987084 0.1892618753463014 0.0002359518864761
-32.1081553684225369 0.1103265963625297 9.9995978091679110 -0.1895245727753709 0.9818759751438562 0.0000758248461882 -0.0002184316682634 -0.0001193867814414 0.9999999690175855 0.9818759537744544 0.1895245503407593 0.0002370995360260
-31.9118447448538767 0.1481414957573850 9.9996452903229418 -0.1894524620221142 0.9818898914417541 0.0000756176893340 -0.0002195663725202 -0.0001193770073869 0.9999999687702527 0.9818898698035948 0.1894524395023039 0.0002382062696366
-31.7155225503915759 0.1858755854260447 9.9996930078739776 -0.1890447961606391 0.9819684614819797 0.0000754914454360 -0.0002206841874882 -0.0001193629377082 0.9999999685259141 0.9819684395853167 0.1890447735507050 0.0002392698542891
-31.5191759056762102 0.2234617669792607 9.9997409560690382 -0.1883013483190813 0.9821112953879186 0.0000754473318162 -0.0002217824539240 -0.0001193441772649 0.9999999682852526 0.9821112732436694 0.1883013256140733 0.0002402877226105
-31.3227920715484878 0.2608330017577304 9.9997891285283202 -0.1872224361331170 0.9823175421978921 0.0000754863662963 -0.0002228582223710 -0.0001193202993469 0.9999999680488300 0.9823175198178504 0.1872224133282673 0.0002412569783815
-31.1263585407571028 0.2979224199130584 9.9998375181584152 -0.1858089239389193 0.9825858934807530 0.0000756093568983 -0.0002239082625015 -0.0001192908513740 0.9999999678177495 0.9825858708775492 0.1858089010294676 0.0002421744048973
-30.9298631285114176 0.3346634298704419 9.9998861170687885 -0.1840622250282989 0.9829145901698872 0.0000758168911322 -0.0002249290744394 -0.0001192553613124 0.9999999675929229 0.9829145673572035 0.1840622020098074 0.0002430364761694
-30.7332940612410361 0.3709898281800062 9.9999349164914175 -0.1819843039205379 0.9833014325899118 0.0000761093249873 -0.0002259169018670 -0.0001192133447069 0.9999999673752984 0.9833014095823457 0.1819842807888374 0.0002438393708065
-30.5366400629288499 0.4068359097530962 9.9999839067045002 -0.1795776785865052 0.9837437936284579 0.0000764867717537 -0.0002268677471175 -0.0001191643122679 0.9999999671657832 0.9837437704417454 0.1795776553377197 0.0002445789887688
-30.3398904383987933 0.4421365784646225 10.0000330769601646 -0.1768454225468785 0.9842386349875138 0.0000769490908316 -0.0002277773879861 -0.0001191077778776 0.9999999669655786 0.9842386116384629 0.1768453991775502 0.0002452509707400
-30.1430351529540239 0.4768274580858078 10.0000824154178733 -0.1737911667518944 0.9847825264250943 0.0000774958766872 -0.0002286413962469 -0.0001190432669025 0.9999999667759308 0.9847825029317264 0.1737911432590249 0.0002458507200906
-29.9460649077823717 0.5108450034912340 10.0001319090831711 -0.1704191011371095 0.9853716678812169 0.0000781264481450 -0.0002294551579157 -0.0001189703247212 0.9999999665981711 0.9853716442623466 0.1704190775182083 0.0002463734274604
-29.7489712105690813 0.5441266120621115 10.0001815437530137 -0.1667339757388868 0.9860019143580501 0.0000788398382024 -0.0002302138949690 -0.0001188885252937 0.9999999664334737 0.9860018906341604 0.1667339519921017 0.0002468140976428
-29.5517464407870243 0.5766107351830649 10.0002313039679400 -0.1627411012444566 0.9866688034104244 0.0000796347845750 -0.0002309126885621 -0.0001187974796737 0.9999999662831924 0.9866687796030204 0.1627410773685596 0.0002471675787832
-29.3543839091637899 0.6082369897041474 10.0002811729718406 -0.1584463488438043 0.9873675850743957 0.0000805097211757 -0.0002315465035824 -0.0001186968443180 0.9999999661486269 0.9873675612063874 0.1584463248382772 0.0002474285936755
-29.1568779108643170 0.6389462692125418 10.0003311326795075 -0.1538561492465586 0.9880932540515760 0.0000814627707435 -0.0002321102144283 -0.0001185863290623 0.9999999660311039 0.9880932301469733 0.1538561251117335 0.0002475917730162
-28.9592237719641865 0.6686808549311236 10.0003811636527296 -0.1489774907248975 0.9888405839424651 0.0000824917388279 -0.0002325986318266 -0.0001184657046193 0.9999999659319755 0.9888405600265054 0.1489774664618905 0.0002476516903306
-28.7614178888345009 0.6973845260329441 10.0004312450851334 -0.1438179160424870 0.9896041633080309 0.0000835941093387 -0.0002330065306134 -0.0001183348094955 0.9999999658525164 0.9896041394069647 0.1438178916533079 0.0002476028984697
-28.5634577601043347 0.7250026691334978 10.0004813547961628 -0.1383855181336188 0.9903784333197456 0.0000847670418564 -0.0002333286782733 -0.0001181935561769 0.9999999657939581 0.9903784094611641 0.1383854936212788 0.0002474399673484
-28.3653420109163221 0.7514823866958907 10.0005314692344971 -0.1326889344013034 0.9911577267466924 0.0000860073708928 -0.0002335598640806 -0.0001180419364891 0.9999999657578755 0.9911577029592541 0.1326889097697493 0.0002471575227085
-28.1670704092443991 0.7767726040589639 10.0005815634910533 -0.1267373395102875 0.9919363080106811 0.0000873116072705 -0.0002336949286865 -0.0001178800260201 0.9999999657454214 0.9919362843241339 0.1267373147645506 0.0002467502856413
-27.9686438740967240 0.8008241747748822 10.0006316113217650 -0.1205404365625346 0.9927084140316500 0.0000886759417784 -0.0002337287939225 -0.0001177079875086 0.9999999657577822 0.9927083904764923 0.1205404117087359 0.0002462131125294
-27.7700644754842649 0.8235899839217942 10.0006815851802511 -0.1141084465538663 0.9934682955721955 0.0000900962512293 -0.0002336564926805 -0.0001175260731276 0.9999999657961103 0.9934682721799278 0.1141084215992322 0.0002455410351665
-27.5713354260949757 0.8450250490388226 10.0007314562602989 -0.1074520960258758 0.9942102587854811 0.0000915681070334 -0.0002334731986422 -0.0001173346255845 0.9999999658613515 0.9942102355882475 0.1074520709788055 0.0002447293006970
-27.3724610646722084 0.8650866183156358 10.0007811945481482 -0.1005826028440144 0.9949287066617214 0.0000930867863585 -0.0002331742557204 -0.0001171340780157 0.9999999659545856 0.9949286836921873 0.1005825777141088 0.0002437734111193
-27.1734468311602839 0.8837342656571852 10.0008307688842208 -0.0935116600507192 0.9956181800650803 0.0000946472859345 -0.0002327552068692 -0.0001169249525919 0.9999999660766913 0.9956181573566316 0.0935116348487752 0.0002426691618820
-26.9742992337371064 0.9009299822367774 10.0008801470346391 -0.0862514177626671 0.9962733980542225 0.0000962443385122 -0.0002322118222364 -0.0001167078578814 0.9999999662283980 0.9962733756405699 0.0862513925006603 0.0002414126794141
-26.7750258079208834 0.9166382641468142 10.0009292957712912 -0.0788144631021422 0.9968892971772183 0.0000978724319653 -0.0002315401263982 -0.0001164834849319 0.9999999664103107 0.9968892750922307 0.0788144377933584 0.0002400004571983
-26.5756350679932893 0.9308261957576227 10.0009781809610221 -0.0712137981751750 0.9974610694376480 0.0000995258309816 -0.0002307364243346 -0.0001162526020983 0.9999999666228828 0.9974610477151744 0.0712137728339959 0.0002384293899187
