-60.1999577722440975 -0.2547798069821426 9.9959304408467773 -0.1719815462805305 0.9851001685680644 0.0000750021374374 -0.0000607329169558 -0.0000867394816401 0.9999999943938235 0.9851001695514489 0.1719815407612912 0.0000747455969067
-60.0030425477483504 -0.2206801919325604 9.9959451487985138 -0.1720848257443680 0.9850821321752923 0.0000749451837316 -0.0000611647095818 -0.0000867650512664 0.9999999943653279 0.9850821331276683 0.1720848201907263 0.0000751832112565
-59.8058064699297205 -0.1865389363563882 9.9959596124494379 -0.1711694277619126 0.9852416055782063 0.0000750769618361 -0.0000608040499859 -0.0000867652719628 0.9999999943873090 0.9852416065627885 0.1711694222362101 0.0000747582417852
-59.6089614815524982 -0.1522623202987137 9.9959748834277313 -0.1705255925215998 0.9853532446099732 0.0000750401535563 -0.0000609517125620 -0.0000867039110108 0.9999999943836493 0.9853532455825063 0.1705255869900393 0.0000748442035365
-59.4117663478371725 -0.1184574693367154 9.9959894763520563 -0.1692071962675537 0.9855804985274429 0.0000751857545757 -0.0000610684227737 -0.0000867701531006 0.9999999943708018 0.9855804995036455 0.1692071907235668 0.0000748699808873
-59.2146493736015884 -0.0849812897123907 9.9960042815364094 -0.1678094405326962 0.9858194489888417 0.0000752512454071 -0.0000610834833975 -0.0000867315310585 0.9999999943732664 0.9858194499688318 0.1678094349918550 0.0000747716556487
-59.0174628114673681 -0.0518122230684171 9.9960191488340833 -0.1657538435414949 0.9861671550327484 0.0000753991992962 -0.0000611609131798 -0.0000867366702174 0.9999999943680806 0.9861671560189339 0.1657538379964793 0.0000746918202142
-58.8201813393685384 -0.0190041334476611 9.9960338761764884 -0.1636198982240931 0.9865234529379089 0.0000755503629638 -0.0000613582101108 -0.0000867589983554 0.9999999943541166 0.9865234539230213 0.1636198926646514 0.0000747268117855
-58.6228540789509864 0.0132640247969650 9.9960485731474193 -0.1610251291235639 0.9869503037412973 0.0000757289808259 -0.0000613956189777 -0.0000867472430451 0.9999999943528330 0.9869503047373349 0.1610251235647790 0.0000745629108108
-58.4254103257968183 0.0449472221325955 9.9960633508341861 -0.1582091712776383 0.9874056169368154 0.0000759240774825 -0.0000615626099446 -0.0000867564910351 0.9999999943418032 0.9874056179370219 0.1582091657083786 0.0000745129394021
-58.2278769122045858 0.0760310963755920 9.9960780800639899 -0.1549866882342627 0.9879165555196049 0.0000761557079742 -0.0000616930445055 -0.0000867657371649 0.9999999943329537 0.9879165565289524 0.1549866826576396 0.0000743951142828
-58.0302454345672771 0.1064439077193933 9.9960927553813512 -0.1515189706846074 0.9884543467888371 0.0000763952568431 -0.0000619118665115 -0.0000867779872428 0.9999999943183849 0.9884543478024248 0.1515189650938797 0.0000743455648762
-57.8324958759695633 0.1361126840125793 9.9961074260098037 -0.1477307731077025 0.9890276097250380 0.0000766669183773 -0.0000620637940872 -0.0000867879211654 0.9999999943081317 0.9890276107495654 0.1477307675085023 0.0000742040526067
-57.6346295768111005 0.1649682769683308 9.9961220883655137 -0.1436701235667767 0.9896256310706378 0.0000769524892791 -0.0000622992054135 -0.0000868035554890 0.9999999942921434 0.9896256321018713 0.1436701179525331 0.0000741239680157
-57.4366420853521049 0.1929735466876669 9.9961367186874384 -0.1393160502437607 0.9902479649936837 0.0000772629918435 -0.0000625175445517 -0.0000868193541607 0.9999999942771644 0.9902479660347170 0.1393160446160730 0.0000740032007752
-57.2385272497875377 0.2200710613815631 9.9961513279394776 -0.1346981585483079 0.9908866736728928 0.0000775914026867 -0.0000627825685203 -0.0000868394952684 0.9999999942588271 0.9908866747221472 0.1346981529035123 0.0000739075305876
-57.0402847204518011 0.2462061663086341 9.9961659155782101 -0.1298224712973415 0.9915372508740898 0.0000779394264544 -0.0000630510584348 -0.0000868599441453 0.9999999942401561 0.9915372519329015 0.1298224656353511 0.0000737938457508
-56.8419103987694285 0.2713243902904365 9.9961804786675437 -0.1246973912865920 0.9921948167944018 0.0000783059960909 -0.0000633558150795 -0.0000868844495478 0.9999999942187656 0.9921948178619568 0.1246973856044872 0.0000736955755376
-56.6434044427157062 0.2953824452394224 9.9961950164341555 -0.1193349083466758 0.9928540544596444 0.0000786905483420 -0.0000636744406332 -0.0000869101868841 0.9999999941962979 0.9928540555365011 0.1193349026435068 0.0000735908457344
-56.4447678079889528 0.3183345974188605 9.9962095348674254 -0.1137449283133632 0.9935099823488003 0.0000790924612200 -0.0000640219572308 -0.0000869388684858 0.9999999941716063 0.9935099834344778 0.1137449225868390 0.0000734953089618
-56.2460009974383865 0.3401370904764840 9.9962240287228799 -0.1079432302947118 0.9941570563602894 0.0000795108535863 -0.0000643938045712 -0.0000869698885541 0.9999999941450355 0.9941570574545834 0.1079432245428093 0.0000734053659093
-56.0471065002920525 0.3607478284128676 9.9962384987837876 -0.1019387776825079 0.9947906710522697 0.0000799454204270 -0.0000647929785754 -0.0000870035671964 0.9999999941163354 0.9947906721547953 0.1019387719029591 0.0000733244879305
-55.8480878935448075 0.3801294505673181 9.9962529461740388 -0.0957462100355344 0.9954057749480034 0.0000803951016647 -0.0000652176078844 -0.0000870393181873 0.9999999940856323 0.9954057760582762 0.0957462042261994 0.0000732516683569
-55.6489492548587279 0.3982467683752868 9.9962673744006985 -0.0893771455216216 0.9959978510617074 0.0000808598097697 -0.0000656709203262 -0.0000870777869642 0.9999999940526243 0.9959978521791623 0.0893771396799782 0.0000731908595593
-55.4496958235575761 0.4150666305955146 9.9962817821470740 -0.0828466636642902 0.9965623029711915 0.0000813383282391 -0.0000661540407075 -0.0000871184561715 0.9999999940172341 0.9965623040949798 0.0828466577878246 0.0000731440965958
-55.2503336763687756 0.4305586137643795 9.9962961714283587 -0.0761674912871360 0.9970950338729941 0.0000818305771685 -0.0000666677398237 -0.0000871616929332 0.9999999939793709 0.9970950350022728 0.0761674853731475 0.0000731129597849
-55.0508695870593883 0.4446955042222417 9.9963105443476437 -0.0693541984463183 0.9975920951862696 0.0000823355622379 -0.0000672127882528 -0.0000872070370375 0.9999999939389175 0.9975920963199593 0.0693541924920089 0.0000730991204091
-54.8513112034268318 0.4574530594465884 9.9963249041375537 -0.0624207578529064 0.9980499196552719 0.0000828530374996 -0.0000677910449607 -0.0000872547591866 0.9999999938956935 0.9980499207921265 0.0624207518552120 0.0000731053551711
-54.6516667893929551 0.4688096822178604 9.9963392529608104 -0.0553820795518611 0.9984652313983448 0.0000833822410125 -0.0000684038675982 -0.0000873045812671 0.9999999938496378 0.9984652325369717 0.0553820735075829 0.0000731339927550
-54.4519451935932608 0.4787467411023185 9.9963535942594710 -0.0482527661361590 0.9988351533244303 0.0000839227834587 -0.0000690526968521 -0.0000873565235267 0.9999999938005187 0.9988351544632709 0.0482527600419126 0.0000731874549480
-54.2521558308403513 0.4872486564857252 9.9963679319312195 -0.0410477697910354 0.9991571815578935 0.0000844741189182 -0.0000697388249301 -0.0000874104127292 0.9999999937482001 0.9991571826951743 0.0410477636432541 0.0000732680502614
-54.0523085578572662 0.4943029428986895 9.9963822705810621 -0.0337821238767406 0.9994292175410128 0.0000850358153484 -0.0000704640091593 -0.0000874661628501 0.9999999936924837 0.9994292186747568 0.0337821176716365 0.0000733785822874
-53.8524135834801498 0.4999000670230567 9.9963966150920012 -0.0264710130282943 0.9996495776720699 0.0000856074268882 -0.0000712298158262 -0.0000875236219575 0.9999999936332257 0.9996495788000936 0.0264710067618869 0.0000735216942455
-53.6524814119247111 0.5040335399715418 9.9964109710794524 -0.0191296598272601 0.9998170075997180 0.0000861885556838 -0.0000720379496227 -0.0000875826435589 0.9999999935701892 0.9998170087196012 0.0191296534953672 0.0000737001934035
-53.4525227383462820 0.5066999443990918 9.9964253448166041 -0.0117732766353391 0.9999306888109044 0.0000867788196176 -0.0000728900573193 -0.0000876430485067 0.9999999935031791 0.9999306899199860 0.0117732702334902 0.0000739168510781
-53.2525483630333412 0.5078989401603208 9.9964397432535037 -0.0044171087522896 0.9999902407095762 0.0000873778749696 -0.0000737879214523 -0.0000877046596046 0.9999999934320153 0.9999902418049759 0.0044171022757801 0.0000741746023542
-53.0525691087146996 0.5076332141013680 9.9964541740005739 0.0029236640732317 0.9999957222138718 0.0000879853860279 -0.0000747332935541 -0.0000877672658475 0.9999999933563104 0.9999957232923016 -0.0029236706292995 0.0000744763718592
-52.8525957282205638 0.5059084777478894 9.9964686453883509 0.0102339233339311 0.9999476281096559 0.0000886010499899 -0.0000757279616227 -0.0000878306550977 0.9999999932758800 0.9999476291676767 -0.0102339299747500 0.0000748251434157
-52.6526388191960280 0.5027334558266203 9.9964831664946718 0.0174986897539368 0.9998468822249610 0.0000892245735867 -0.0000767737038260 -0.0000878945919790 0.9999999931905225 0.9998468832587574 -0.0174986964849602 0.0000752239082114
-52.4527087410307331 0.4981198570657762 9.9964977471377612 0.0247031144344620 0.9996948274659911 0.0000898556785125 -0.0000778723058865 -0.0000879588320287 0.9999999930999310 0.9996948284715070 -0.0247031212613493 0.0000756756843046
-52.2528155308303255 0.4920823304121845 9.9965123979042136 0.0318325392695911 0.9994932122097507 0.0000904940935659 -0.0000790255277999 -0.0000880231187577 0.9999999930037833 0.9994932131826061 -0.0318325461983019 0.0000761834792430
-52.0529688248513196 0.4846384221366544 9.9965271301499463 0.0388725139378250 0.9992441740398638 0.0000911395466479 -0.0000802351050157 -0.0000880871843435 0.9999999929018155 0.9992441749752459 -0.0388725209745611 0.0000767502909394
-51.8531777839517645 0.4758085317479311 9.9965419560129050 0.0458088405438237 0.9989502198313478 0.0000917917629081 -0.0000815027302868 -0.0000881507555861 0.9999999927937039 0.9989502207241230 -0.0458088476950702 0.0000773790864305
-51.6534510216484151 0.4656158565592460 9.9965568884040579 0.0526275932710318 0.9986142037234380 0.0000924504523796 -0.0000828300447851 -0.0000882135518067 0.9999999926790999 0.9986142045680696 -0.0526276005435081 0.0000780727922922
-51.4537965380649993 0.4540863297633971 9.9965719410133751 0.0593151522282867 0.9982393019934204 0.0000931153062456 -0.0000842186193689 -0.0000882752914539 0.9999999925576695 0.9982393027840728 -0.0593151596289693 0.0000788342734632
-51.2542216594319626 0.4412485532341069 9.9965871282978753 0.0658582286206422 0.9978289858114291 0.0000937859858324 -0.0000856699478491 -0.0000883356921520 0.9999999924290660 0.9978289865417893 -0.0658582361567537 0.0000796663249678
-51.0547329826713465 0.4271337275144284 9.9966024654702696 0.0722438923649250 0.9973869916391781 0.0000944621154604 -0.0000871854294416 -0.0000883944754553 0.9999999922928940 0.9973869923024230 -0.0722439000439586 0.0000805716522153
-50.8553363263894198 0.4117755752713801 9.9966179684814787 0.0784595950875921 0.9969172898914198 0.0000951432726402 -0.0000887663582772 -0.0000884513692955 0.9999999921488377 0.9969172904802547 -0.0784596029172182 0.0000815528587075
-50.6560366885887561 0.3952102601401122 9.9966336539997034 0.0844931926590586 0.9964240519020587 0.0000958289789860 -0.0000904139078938 -0.0000885061117421 0.9999999919964089 0.9964240524088656 -0.0844932006471834 0.0000826124285010
-50.4568382109695008 0.3774763011567104 9.9966495393846326 0.0903329663153228 0.9959116154954006 0.0000965186908560 -0.0000921291202401 -0.0000885584543652 0.9999999918352390 0.9959116159119035 -0.0903329744700677 0.0000837527130975
-50.2577441502889499 0.3586144839881381 9.9966656426560725 0.0959676415984511 0.9953844495037245 0.0000972117898905 -0.0000939128921139 -0.0000886081657719 0.9999999916649854 0.9953844498212118 -0.0959676499281099 0.0000849759157228
-50.0587568570062160 0.3386677682972764 9.9966819824590605 0.1013864059070911 0.9948471174553900 0.0000979075738138 -0.0000957659636318 -0.0000886550351021 0.9999999914851910 0.9948471176646208 -0.1013864144200995 0.0000862840774951
-49.8598777612157562 0.3176811918309929 9.9966985780233131 0.1065789238830004 0.9943042407930232 0.0000986052474258 -0.0000976889064803 -0.0000886988754761 0.9999999912953600 0.9943042408842300 -0.1065789325879840 0.0000876790632941
-49.6611073659968909 0.2957017715984210 9.9967154491191526 0.1115353517147585 0.9937604618089404 0.0000993039140454 -0.0000996821125809 -0.0000887395273447 0.9999999910950718 0.9937604617717988 -0.1115353606204366 0.0000891625478392
-49.4624452481740136 0.2727784026419879 9.9967326160093215 0.1162463494538561 0.9932204066752744 0.0001000025674214 -0.0001017457842161 -0.0000887768615401 0.9999999908839129 0.9932204064989295 -0.1162463585690363 0.0000907360031067
-49.2638900664413413 0.2489617545487455 9.9967500993957614 0.1207030920607692 0.9926886487840318 0.0001007000845464 -0.0001038799245551 -0.0000888107823306 0.9999999906615115 0.9926886484570623 -0.1207031013943436 0.0000924006859070
-49.0654395767158817 0.2243041659764426 9.9967679203629292 0.1248972787895182 0.9921696727213966 0.0001013952188621 -0.0001060843292850 -0.0000888412297463 0.9999999904274042 0.9921696722318029 -0.1248972883504145 0.0000941576264280
-48.8670906546225439 0.1988595375223062 9.9967861003170508 0.1288211414015047 0.9916678390996668 0.0001020865949620 -0.0001083585782915 -0.0000888681822168 0.9999999901812189 0.9916678384347956 -0.1288211511986341 0.0000960076165150
-48.6688393248429705 0.1726832232079993 9.9968046609236900 0.1324674510282567 0.9911873505317187 0.0001027727039021 -0.0001107020300589 -0.0000888916581449 0.9999999899224685 0.9911873496784778 -0.1324674610705094 0.0000979512005006
-48.4706807970890026 0.1458319208146943 9.9968236240383028 0.1358295239464125 0.9907322189776581 0.0001034518999135 -0.0001131138157629 -0.0000889117174230 0.9999999896508091 0.9907322179222803 -0.1358295342425751 0.0000999886654371
-48.2726095084028515 0.1183635612542909 9.9968430116386919 0.1389012262732312 0.9903062347055084 0.0001041223985318 -0.0001155928350760 -0.0000889284625279 0.9999999893658081 0.9903062334336806 -0.1389012368319839 0.0001021200327674
-48.0746191714164794 0.0903371971926709 9.9968628457499129 0.1416769777690323 0.9899129370753611 0.0001047822757995 -0.0001181377535709 -0.0000889420387089 0.9999999890671776 0.9899129355722066 -0.1416769885988832 0.0001043450513762
-47.8767028281815286 0.0618128910946692 9.9968831483715181 0.1441517548156318 0.9895555873555195 0.0001054294692790 -0.0001207470001360 -0.0000889526341523 0.9999999887545415 0.9895555856056024 -0.1441517659249028 0.0001066631903327
-47.6788529091476079 0.0328516028474760 9.9969039413992942 0.1463210926934908 0.9892371437538209 0.0001060617805782 -0.0001234187682361 -0.0000889604791728 0.9999999884276610 0.9892371417412028 -0.1463211040902496 0.0001090736352566
-47.4810612967966748 0.0035150770773414 9.9969252465464198 0.1481810872552130 0.9889602388358388 0.0001066768790868 -0.0001261510151785 -0.0000889658449080 0.9999999880862688 0.9889602365440432 -0.1481810989472350 0.0001115752824734
-47.2833193934728229 -0.0261342697199982 9.9969470852653135 0.1497283960940113 0.9887271594803809 0.0001072723082025 -0.0001289414656366 -0.0000889690418663 0.9999999877300606 0.9887271568925146 -0.1497284080887037 0.0001141667371176
-47.0856181928393838 -0.0560334621530484 9.9969694786656280 0.1509602392979934 0.9885398295055474 0.0001078454921681 -0.0001317876153572 -0.0000889704170018 0.9999999873589107 0.9885398266042056 -0.1509602516023961 0.0001168463113753
-46.8879483544492572 -0.0861190789292616 9.9969924474336445 0.1518743998640037 0.9883997950804568 0.0001083937456625 -0.0001346867363809 -0.0000889703513001 0.9999999869726439 0.9883997918478901 -0.1518744124846904 0.0001196120239299
-46.6903002808339878 -0.1163273658183483 9.9970160117511515 0.1524692238404132 0.9883082130173123 0.0001089142840326 -0.0001376358833108 -0.0000889692558569 0.9999999865712031 0.9883082094353692 -0.1524692367834586 0.0001224616004960
-46.4926641965341716 -0.1465943485332890 9.9970401912159641 0.1527436202508032 0.9882658420191496 0.0001094042361861 -0.0001406319020706 -0.0000889675683283 0.9999999861545138 0.9882658380693353 -0.1527436335217364 0.0001253924766433
-46.2950302284760156 -0.1768559454905744 9.9970650047601790 0.1526970608411367 0.9882730369384276 0.0001098606579523 -0.0001436714395440 -0.0000889657478780 0.9999999857226064 0.9882730326020756 -0.1526970744448867 0.0001284018016632
-46.0973884870729265 -0.2070480804182478 9.9970904705733421 0.1523295796747760 0.9883297460830626 0.0001102805479506 -0.0001467509531846 -0.0000889642709424 0.9999999852755884 0.9883297413412986 -0.1523295936156069 0.0001314864422997
-45.8997291474610236 -0.2371067947811668 9.9971166060259566 0.1516417725872250 0.9884355115833612 0.0001106608642198 -0.0001498667252380 -0.0000889636254885 0.9999999848135462 0.9884355064171150 -0.1516417868687217 0.0001346429913652
-45.7020425302304858 -0.2669683599980859 9.9971434275927358 0.1506347964972156 0.9885894728156249 0.0001109985420938 -0.0001530148744087 -0.0000889643055138 0.9999999843367667 0.9885894672057897 -0.1506348111222115 0.0001378677739683
-45.5043191810752248 -0.2965693894170609 9.9971709507846658 0.1493103685553000 0.9887903728569168 0.0001112905139838 -0.0001561913714664 -0.0000889668056669 0.9999999838454633 0.9887903667844059 -0.1493103835258525 0.0001411568578861
-45.3065499487314014 -0.3258469500152725 9.9971991900762678 0.1476707650986459 0.9890365679253903 0.0001115337288748 -0.0001593920557133 -0.0000889716144504 0.9999999833400072 0.9890365613711629 -0.1476707804159774 0.0001445060653596
-45.1087260606360587 -0.3547386737780623 9.9972281588433543 0.1457188203633952 0.9893260397399440 0.0001117251740535 -0.0001626126500322 -0.0000889792091372 0.9999999828208265 0.9893260326851402 -0.1457188360279093 0.0001479109836759
-44.9108391957314552 -0.3831828687024877 9.9972578693014018 0.1434579248984503 0.9896564107148016 0.0001118618963438 -0.0001658487815711 -0.0000889900488270 0.9999999822883465 0.9896564031408331 -0.1434579409096641 0.0001513669821500
-44.7128815538474029 -0.4111186293577601 9.9972883324470327 0.1408920236071535 0.9900249618828730 0.0001119410244629 -0.0001690959979617 -0.0000890045690511 0.9999999817432053 0.9900249537713571 -0.1408920399636284 0.0001548692250928
-44.5148459211576935 -0.4384859469189009 9.9973195580101351 0.1380256133376554 0.9904286534252666 0.0001119597913805 -0.0001723497887841 -0.0000890231756361 0.9999999811860236 0.9904286447583976 -0.1380256300370474 0.0001584126908051
-44.3167257311836380 -0.4652258185729027 9.9973515544030374 0.1348637399320126 0.9908641476632675 0.0001119155567950 -0.0001756056054224 -0.0000890462392180 0.9999999806174920 0.9908641384235570 -0.1348637569709730 0.0001619921896941
-44.1185151208953030 -0.4912803561785629 9.9973843286834594 0.1314119946364249 0.9913278343530237 0.0001118058292297 -0.0001788588815023 -0.0000890740898836 0.9999999800383160 0.9913278245236817 -0.1314120120106679 0.0001656023838326
-43.9202089814577832 -0.5165928940410719 9.9974178865173489 0.1276765097728493 0.9918158581053503 0.0001116282882114 -0.0001821050548581 -0.0000891070125357 0.9999999794494363 0.9918158476701666 -0.1276765274770836 0.0001692378088928
-43.7218030032378167 -0.5411080956407944 9.9974522321528507 0.1236639535656430 0.9923241477363270 0.0001113808050869 -0.0001853395890003 -0.0000891452421109 0.9999999788517272 0.9923241366798894 -0.1236639715936189 0.0001728928966156
-43.5232937147018077 -0.5647720591367226 9.9974873683960244 0.1193815240188489 0.9928484473403982 0.0001110614638595 -0.0001885579950005 -0.0000891889601796 0.9999999782461232 0.9928484356479235 -0.1193815423633878 0.0001765619985783
-43.3246785148996381 -0.5875324214433171 9.9975232965993044 0.1148369417395933 0.9933843488612233 0.0001106685801058 -0.0001917558527936 -0.0000892382913388 0.9999999776336077 0.9933843365190037 -0.1148369603925060 0.0001802394105044
-43.1259556992659583 -0.6093384606573458 9.9975600166518959 0.1100384416071007 0.9939273259260696 0.0001102007194545 -0.0001949288338814 -0.0000892933009304 0.9999999770152341 0.9939273129214088 -0.1100384605592422 0.0001839193989255
-42.9271244785121198 -0.6301411965963788 9.9975975269813091 0.1049947631911175 0.9944727686950365 0.0001096567138131 -0.0001980727217962 -0.0000893539928918 0.9999999763919972 0.9944727550161513 -0.1049947824324754 0.0001875962267241
-42.7281849904552331 -0.6498934891878722 9.9976358245598842 0.0997151398342062 0.9950160194675957 0.0001090356767139 -0.0002011834337347 -0.0000894203089230 0.9999999757650894 0.9950160051038920 -0.0997151593538778 0.0001912641808094
-42.5291383046594760 -0.6685501344337847 9.9976749049215936 0.0942092863178402 0.9955524087825212 0.0001083370161528 -0.0002042570403116 -0.0000894921278675 0.9999999751355688 0.9955523937243955 -0.0942093061040761 0.0001949175989957
-42.3299864198223332 -0.6860679576643377 9.9977147621837048 0.0884873850473402 0.9960772917381567 0.0001075604460642 -0.0002072897860944 -0.0000895692663042 0.9999999745046266 0.9960772759772385 -0.0884874050875712 0.0001985508985824
-42.1307322539265883 -0.7024059037751488 9.9977553890785966 0.0825600707021665 0.9965860842585383 0.0001067059952645 -0.0002102781073049 -0.0000896514796681 0.9999999738733401 0.9965860677877588 -0.0825600909830952 0.0002021586030645
-41.9313796271632384 -0.7175251241444676 9.9977967769916667 0.0764384133124944 0.9970742990271390 0.0001057740144568 -0.0002132186504074 -0.0000897384642132 0.9999999732429045 0.9970742818406000 -0.0764384338202122 0.0002057353705772
-41.7319332377787759 -0.7313890599099562 9.9978389160076730 0.0701338997405311 0.9975375808107594 0.0001047651809823 -0.0002161082879559 -0.0000898298598836 0.9999999726143604 0.9975375629039277 -0.0701339204604912 0.0002092760203741
-41.5323986309638400 -0.7439635212928997 9.9978817949636571 0.0636584135597078 0.9979717408983748 0.0001036805008455 -0.0002189441343804 -0.0000899252534020 0.9999999719889648 0.9979717222679262 -0.0636584344768108 0.0002127755599767
-41.3327821610285824 -0.7552167626494021 9.9979254015096402 0.0570242133453778 0.9983727903844055 0.0001025213093014 -0.0002217235589837 -0.0000900241830510 0.9999999713676562 0.9983727710283703 -0.0570242344440391 0.0002162292100561
-41.1330909471101904 -0.7651195529411647 9.9979697221756236 0.0502439094049823 0.9987369720333978 0.0001012892675163 -0.0002244441991394 -0.0000901261423838 0.9999999707515728 0.9987369519510287 -0.0502439306692330 0.0002196324301061
-40.9333328227487030 -0.7736452413210877 9.9980147424444894 0.0433304389995368 0.9990607904712417 0.0000999863592200 -0.0002271039692630 -0.0000902305869746 0.9999999701416243 0.9990607696630904 -0.0433304604130973 0.0002229809401065
-40.7335162796789305 -0.7807698175433510 9.9980604468335432 0.0362970401194313 0.9993410404620904 0.0000986148819729 -0.0002297010711400 -0.0000903369383615 0.9999999695388790 0.9993410189299162 -0.0362970616657202 0.0002262707439525
-40.5336504062816232 -0.7864719669248562 9.9981068189758027 0.0291572239024666 0.9995748330409909 0.0000971774400746 -0.0002322339996609 -0.0000904445923831 0.9999999689441462 0.9995748107878547 -0.0291572455648496 0.0002294981482069
-40.3337448211083185 -0.7907331195991237 9.9981538417138438 0.0219247457930423 0.9997596192915226 0.0000956769309811 -0.0002347015476793 -0.0000905529233592 0.9999999683582503 0.9997595963215662 -0.0219247675547561 0.0002326597801296
-40.1338096020350008 -0.7935374938341008 9.9982014971907187 0.0146135755616678 0.9998932115728197 0.0000941165344646 -0.0002371028095878 -0.0000906612931856 0.9999999677820186 0.9998931878913314 -0.0146135974060657 0.0002357526040933
-39.9338552115156276 -0.7948721331997111 9.9982497669498809 0.0072378663161961 0.9999738020232805 0.0000924996952793 -0.0002394371813800 -0.0000907690559025 0.9999999672160379 0.9999737776366772 -0.0072378882266872 0.0002387739343184
-39.7338924185538218 -0.7947269374133986 9.9982986320339311 -0.0001880773505800 0.9999999781873339 0.0000908301085641 -0.0002417043597352 -0.0000908755666337 0.9999999666609888 0.9999999531028684 0.0001880553903549 0.0002417214460990
-39.5339322179567176 -0.7930946867060088 9.9983480730900034 -0.0076498319179180 0.9999707356361028 0.0000891116999740 -0.0002439043383018 -0.0000909801866242 0.9999999661173247 0.9999707098621160 0.0076498099240642 0.0002445931837322
-39.3339857474865866 -0.7899710595985534 9.9983980704715840 -0.0151328880368756 0.9998854874772455 0.0000873486077538 -0.0002460374027752 -0.0000910822912801 0.9999999655854988 0.9998854610229124 0.0151328660251221 0.0002473875665279
-39.1340642035672559 -0.7853546440035930 9.9984486043459651 -0.0226226839948688 0.9997440706744025 0.0000855451612281 -0.0002481041226543 -0.0000911812753664 0.9999999650659126 0.9997440435495658 0.0226226619804810 0.0002501033907125
-38.9341787561527326 -0.7792469416049080 9.9984996547970777 -0.0301046393703040 0.9995467491214942 0.0000837058605883 -0.0002501053420943 -0.0000912765599308 0.9999999645587104 0.9995467213368034 0.0301046173680678 0.0002527398295484
-38.7343404634516304 -0.7716523655044220 9.9985512019320293 -0.0375641886950646 0.9992942134467816 0.0000818353542940 -0.0002520421679410 -0.0000913675969301 0.9999999640641674 0.9992941850135808 0.0375641667191510 0.0002552964296202
-38.5345601871256491 -0.7625782311628768 9.9986032259808120 -0.0449868149438339 0.9989875775446166 0.0000799384178271 -0.0002539159567933 -0.0000914538750320 0.9999999635822876 0.9989875484746208 0.0449867930078411 0.0002577731051291
-38.3348485086390340 -0.7520347406922456 9.9986557073984006 -0.0523580826707316 0.9986283718627307 0.0000780199307732 -0.0002557282984845 -0.0000915349231646 0.9999999631129575 0.9986283421681951 0.0523580607874785 0.0002601701274294
-38.1352156473826440 -0.7400349605987625 9.9987086269599494 -0.0596636706207932 0.9982185334967146 0.0000760848553329 -0.0002574810004468 -0.0000916103148004 0.9999999626563230 0.9982185031900982 0.0596636488023257 0.0002624881143173
-37.9356713812145330 -0.7265947931069862 9.9987619658532765 -0.0668894036454331 0.9977603931708452 0.0000741382142883 -0.0002591760673972 -0.0000916796704899 0.9999999622120406 0.9977603622650069 0.0668893819029787 0.0002647280133924
-37.7362249700106389 -0.7117329412240331 9.9988157057670328 -0.0740212837662160 0.9972566592084688 0.0000721850697759 -0.0002608156821878 -0.0000917426600203 0.9999999617799774 0.9972566277163831 0.0740212621101585 0.0002668910853590
-37.5368850828268421 -0.6954708677420026 9.9988698289717171 -0.0810455202375186 0.9967103986182427 0.0000702305031541 -0.0002624021833499 -0.0000917990040318 0.9999999613598211 0.9967103665528856 0.0810454986773129 0.0002689788828044
-37.3376597292101238 -0.6778327483945180 9.9989243183960905 -0.0879485584735194 0.9961250154458340 0.0000682795947214 -0.0002639380425772 -0.0000918484738436 0.9999999609510852 0.9961249828202337 0.0879485370176943 0.0002709932276119
-37.1385561952019643 -0.6588454194170171 9.9989791576953131 -0.0947171077190937 0.9955042265611324 0.0000663374060880 -0.0002654258403005 -0.0000918908920097 0.9999999605534422 0.9955041933884136 0.0947170863752433 0.0002729361853749
-36.9395809845004379 -0.6385383197753166 9.9990343313129291 -0.1013381673604356 0.9948520350704393 0.0000644089615240 -0.0002668682410456 -0.0000919261299256 0.9999999601663981 0.9948520013634287 0.1013381461351603 0.0002748100382395
-36.7407397652452232 -0.6169434283519539 9.9990898245332200 -0.1077990517869926 0.9941727015584118 0.0000624992331538 -0.0002682679673654 -0.0000919541071725 0.9999999597893602 0.9941726673297543 0.1077990306858908 0.0002766172554189
-36.5420373228173005 -0.5940951963891619 9.9991456235273652 -0.1140874137356961 0.9934707133828566 0.0000606131246529 -0.0002696277734615 -0.0000919747872866 0.9999999594218864 0.9934706786450292 0.1140873927633716 0.0002783604620595
-36.3434775190158135 -0.5700304755040198 9.9992017153880184 -0.1201912660659789 0.9927507522564344 0.0000587554589596 -0.0002709504189969 -0.0000919881755278 0.9999999590632096 0.9927507170215404 0.1201912452259682 0.0002800424075636
-36.1450632579154956 -0.5447884415943839 9.9992580881570419 -0.1260990019322663 0.9920176603604859 0.0000569309653268 -0.0002722386407238 -0.0000919943137161 0.9999999587127862 0.9920176246404119 0.1260989812271963 0.0002816659305740
-35.9467964586734112 -0.5184105149628985 9.9993147308433148 -0.1317994133411687 0.9912764052465857 0.0000551442688079 -0.0002734951270068 -0.0000919932758616 0.9999999583700891 0.9912763690529292 0.1317993927726728 0.0002832339261420
-35.7486780354765443 -0.4909402769815575 9.9993716334288543 -0.1372817080968106 0.9905320437860798 0.0000533998810574 -0.0002747224896491 -0.0000919851629429 0.9999999580345121 0.9905320071299589 0.1372816876655477 0.0002847493094348
-35.5507078847934892 -0.4624233836218662 9.9994287868690304 -0.1425355251569147 0.9897896854341391 0.0000517021917238 -0.0002759232373429 -0.0000919700966928 0.9999999577053732 0.9897896483263544 0.1425355048625680 0.0002862149803250
-35.3528848800367541 -0.4329074761639436 9.9994861830794672 -0.1475509484377400 0.9890544550762506 0.0000500554618384 -0.0002770997502618 -0.0000919482139746 0.9999999573820818 0.9890544175272317 0.1475509282790460 0.0002876337886764
-35.1552068736523680 -0.4024420893884091 9.9995438149147411 -0.1523185191248029 0.9883314557270594 0.0000484638179560 -0.0002782542531833 -0.0000919196602857 0.9999999570641797 0.9883314177468299 0.1523184990995902 0.0002890084976445
-34.9576707066786057 -0.3710785575496831 9.9996016761386013 -0.1568292465561404 0.9876257313470213 0.0000469312469290 -0.0002793887916878 -0.0000918845831123 0.9999999567510229 0.9876256929453386 0.1568292266613827 0.0002903417496611
-34.7602722256544112 -0.3388699183983862 9.9996597613818672 -0.1610746177615286 0.9869422300433397 0.0000454615922963 -0.0002805052082673 -0.0000918431259282 0.9999999564423026 0.9869421912295890 0.1610745979933092 0.0002916360321891
-34.5630063068199505 -0.3058708155194676 9.9997180660936955 -0.1650466057509956 0.9862857679118673 0.0000440585507070 -0.0002816051187130 -0.0000917954214953 0.9999999561372706 0.9862857286951797 0.1650465861045998 0.0002928936434994
-34.3658668874075275 -0.2721373992221765 9.9997765864839092 -0.1687376766542409 0.9856609937745973 0.0000427256688157 -0.0002826898920293 -0.0000917415856914 0.9999999558359143 0.9856609541636694 0.1687376571240924 0.0002941166619302
-34.1688470038238705 -0.2377272261962614 9.9998353194538705 -0.1721407958203816 0.9850723550541481 0.0000414663415417 -0.0002837606294963 -0.0000916817123316 0.9999999555380183 0.9850723150577889 0.1721407764002324 0.0002953069144932
-33.9719388364719919 -0.2026991581362914 9.9998942625240499 -0.1752494329937579 0.9845240650230705 0.0000402838087000 -0.0002848181464956 -0.0000916158667735 0.9999999552434132 0.9845240246500330 0.1752494136767123 0.0002964659480860
-33.7751337608865967 -0.1671132594970686 9.9999534137493082 -0.1780575666812770 0.9840200716499996 0.0000391811538455 -0.0002858629559706 -0.0000915440823008 0.9999999549517240 0.9840200309084347 0.1780575474596887 0.0002975950029551
-33.5784224048532707 -0.1310306945345456 10.0000127716309173 -0.1805596878310116 0.9835640282524092 0.0000381613007827 -0.0002868952530957 -0.0000914663548154 0.9999999546630201 0.9835639871510730 0.1805596686967511 0.0002986949872939
-33.3817947111132440 -0.0945136237533265 10.0000723350195422 -0.1827508029369973 0.9831592661610079 0.0000372270117045 -0.0002879149024408 -0.0000913826403277 0.9999999543774991 0.9831592247087312 0.1827507838813489 0.0002997664550950
-33.1852400052225747 -0.0576250998610669 10.0001321030146126 -0.1846264366841404 0.9828087695742546 0.0000363808831805 -0.0002889214268410 -0.0000912928514761 0.9999999540954223 0.9828087277800717 0.1846264176978324 0.0003008095858803
-32.9887470681159769 -0.0204289633129107 10.0001920748563435 -0.1861826342387699 0.9825151527774296 0.0000356253430213 -0.0002899139985439 -0.0000911968564294 0.9999999538168119 0.9825151106505855 0.1861826153120949 0.0003018241675360
-32.7923042128682098 0.0170102625000786 10.0002522498158850 -0.1874159632851927 0.9822806398796746 0.0000349626451873 -0.0002908914317445 -0.0000910944773034 0.9999999535421173 0.9822805974298110 0.1874159444079711 0.0003028095809234
-32.5958993651376119 0.0546274763739488 10.0003126270802252 -0.1883235158968580 0.9821070472083649 0.0000343948647764 -0.0002918521790404 -0.0000909854907389 0.9999999532720307 0.9821070044458330 0.1883234970586642 0.0003037647892903
-32.3995201467429936 0.0923571047060431 10.0003732056343075 -0.1889029103207298 0.9819957684840058 0.0000339238916341 -0.0002927943278598 -0.0000908696285278 0.9999999530071899 0.9819957254198437 0.1889028915108980 0.0003046883282832
-32.2031539617981721 0.1301332071891613 10.0004339841428500 -0.1891522927405332 0.9819477628797129 0.0000335514231611 -0.0002937156012594 -0.0000907465797428 0.9999999527481730 0.9819477195253994 0.1891522739481214 0.0003055783011962
-32.0067880848267308 0.1678895827879795 10.0004949608288296 -0.1890703390695437 0.9819635460525906 0.0000332789561625 -0.0002946133596175 -0.0000906159935739 0.9999999524958567 0.9819635024205793 0.1890703202834101 0.0003064323759545
-31.8104097502347294 0.2055598760095600 10.0005561333535820 -0.1886562568101630 0.9820431842185058 0.0000331077776601 -0.0002954846059483 -0.0000904774832823 0.9999999522513370 0.9820431403224070 0.1886562380191212 0.0003072477866346
-31.6140062425498982 0.2430776834813261 10.0006174986953482 -0.1879097870006870 0.9821862913203006 0.0000330389549637 -0.0002963259915202 -0.0000903306308708 0.9999999520157066 0.9821862471747663 0.1879097681935176 0.0003080213362396
-31.4175649867804054 0.2803766608572153 10.0006790530336040 -0.1868312062534007 0.9823920293221942 0.0000330733242543 -0.0002971338267101 -0.0000901749925474 0.9999999517901137 0.9823919849430588 0.1868311874189377 0.0003087494056334
-31.2210736382844871 0.3173906300674701 10.0007407916281466 -0.1854213288718337 0.9826591116434185 0.0000332114795234 -0.0002979040915511 -0.0000900101056398 0.9999999515759581 0.9826590670479523 0.1854213099989924 0.0003094279633581
-31.0245201715167020 0.3540536869240373 10.0008027087112499 -0.1836815090183915 0.9829858097270558 0.0000334537592381 -0.0002986324493989 -0.0000898354947598 0.9999999513745698 0.9829857649336989 0.1836814900962689 0.0003100525793240
-30.8278929670247521 0.3903003090885326 10.0008647973742555 -0.1816136428873483 0.9833699627168978 0.0000338002339789 -0.0002993142643653 -0.0000896506804061 0.9999999511872519 0.9833699177456217 0.1816136239053203 0.0003106184436454
-30.6311808960933405 0.4260654643933909 10.0009270494660871 -0.1792201708227209 0.9838089901988908 0.0000342506928383 -0.0002999446173862 -0.0000894551865274 0.9999999510158721 0.9838089450713428 0.1792201517704104 0.0003111203849566
-30.4343734024139287 0.4612847195001194 10.0009894554946808 -0.1765040793054372 0.9842999079426670 0.0000348046293540 -0.0003005183286332 -0.0000892485489885 0.9999999508621442 0.9842998626821720 0.1765040601729033 0.0003115528961773
-30.2374605802162435 0.4958943488527661 10.0010520045338058 -0.1734689027210629 0.9848393465586662 0.0000354612289142 -0.0003010299785489 -0.0000890303251370 0.9999999507275347 0.9848393011901025 0.1734688834988267 0.0003119101601792
-30.0404332482639838 0.5298314438774626 10.0011146841404113 -0.1701187248068790 0.9854235729662760 0.0000362193540689 -0.0003014739318676 -0.0000888001013298 0.9999999506141182 0.9854235275162130 0.1701187054861072 0.0003121860790981
-29.8432830192030103 0.5630340223423878 10.0011774802778870 -0.1664581796668806 0.9860485145502635 0.0000370775330471 -0.0003018443646829 -0.0000885575034211 0.9999999505238877 0.9860484690474893 0.1664581602394166 0.0003123743082363
-29.6460023637126824 0.5954411377856011 10.0012403772471608 -0.1624924522336043 0.9867097858641523 0.0000380339463131 -0.0003021352906425 -0.0000883022039105 0.9999999504586931 0.9867097403392142 0.1624924326919452 0.0003124682895826
-29.4485846689996471 0.6269929888781218 10.0013033576315244 -0.1582272780499685 0.9874027177158250 0.0000390864167037 -0.0003023405906976 -0.0000880339317647 0.9999999504202292 0.9874026722011652 0.1582272583875052 0.0003124612903299
-29.2510242911666047 0.6576310285753133 10.0013664022454662 -0.1536689422392016 0.9881223884580559 0.0000402323982618 -0.0003024540436408 -0.0000877524790876 0.9999999504107019 0.9881223429877301 0.1536689224501985 0.0003123464426412
-29.0533166010501560 0.6872980728758423 10.0014294900999214 -0.1488242775288271 0.9888636572843866 0.0000414689694137 -0.0003024693567851 -0.0000874577098866 0.9999999504319746 0.9888636118945759 0.1488242576086412 0.0003121167848552
-28.8554580231548776 0.7159384089843907 10.0014925983743233 -0.1437006611945164 0.9896211993183737 0.0000427928248842 -0.0003023801993219 -0.0000871495653075 0.9999999504859698 0.9896211540470208 0.1437006411394473 0.0003117653056604
-28.6574460673571814 0.7434979026464232 10.0015557024032251 -0.1383060107922330 0.9903895422631056 0.0000442002728431 -0.0003021802352061 -0.0000868280710370 0.9999999505745149 0.9903894971498215 0.1383059905998072 0.0003112849889565
-28.4592793530998556 0.7699241043979684 10.0016187756714530 -0.1326487785521585 0.9911631043678236 0.0000456872314419 -0.0003018631570711 -0.0000864933408909 0.9999999506992954 0.9911630594539470 0.1326487582210690 0.0003106688598789
-28.2609576258547328 0.7951663544499219 10.0016817898262289 -0.1267379443151308 0.9919362334530845 0.0000472492302523 -0.0003014227202062 -0.0000861455817196 0.9999999508622076 0.9919361887813239 0.1267379238454137 0.0003099100316976
-28.0624817656678260 0.8191758859022936 10.0017447146956258 -0.1205830069025156 0.9927032467236496 0.0000488814127345 -0.0003008527781665 -0.0000857850956462 0.9999999510647558 0.9927032023383365 0.1205829862955736 0.0003090017544522
-27.8638537876865229 0.8419059259644095 10.0018075183244548 -0.1141939738205538 0.9934584710915008 0.0000505785427371 -0.0003001473152972 -0.0000854122818502 0.9999999513086931 0.9934584270383551 0.1141939530792517 0.0003079374608349
-27.6650768345834450 0.8633117948415254 10.0018701670203676 -0.1075813492178108 0.9941962837186586 0.0000523350133553 -0.0002993004826899 -0.0000850276368513 0.9999999515953665 0.9941962400444859 0.1075813283463967 0.0003067108154986
-27.4661551608980972 0.8833510019273703 10.0019326254115679 -0.1007561200256704 0.9949111524874978 0.0000541448593729 -0.0002983066309544 -0.0000846317535710 0.9999999519257680 0.9949111092400443 0.1007560990300467 0.0003053157611184
-27.2670941093287986 0.9019833389405426 10.0019948565183583 -0.0937297402339486 0.9955976761011649 0.0000560017727504 -0.0002971603432403 -0.0000842253189937 0.9999999523013209 0.9955976333289609 0.0937297191215542 0.0003037465644300
-27.0679000791087532 0.9191709696253764 10.0020568218354580 -0.0865141132694274 0.9962506235137719 0.0000578991214231 -0.0002958564676094 -0.0000838091105440 0.9999999527227001 0.9962505812660368 0.0865140920493313 0.0003019978612091
-26.8685804866296643 0.9348785156418149 10.0021184814257253 -0.0791215724669639 0.9968649723958373 0.0000598299715082 -0.0002943901475661 -0.0000833839912160 0.9999999531909003 0.9968649307220945 0.0791215511499400 0.0003000646988305
-26.6691437185490976 0.9490731382653468 10.0021797940261195 -0.0715648596438552 0.9974359463372571 0.0000617871124766 -0.0002927568520195 -0.0000829509032074 0.9999999537064372 0.9974359052872745 0.0715648382422555 0.0002979425774862
-26.4695990776769747 0.9617246155247041 10.0022407171612731 -0.0638571018086494 0.9979590505036832 0.0000637630859047 -0.0002909524033136 -0.0000825108607284 0.9999999542695124 0.9979590101271782 0.0638570803363969 0.0002956274885865
